0.00000 0.47887 0.57638 0.32828 0.46479 0.57638 0.48321 0.32719 0.29036
0.47887 0.00000 0.30336 0.28711 0.60997 0.33586 0.62514 0.57421 0.57096
0.57638 0.30336 0.00000 0.45070 0.65330 0.49946 0.64464 0.62622 0.61647
0.32828 0.28711 0.45070 0.00000 0.57205 0.48212 0.57638 0.50163 0.47129
0.46479 0.60997 0.65330 0.57205 0.00000 0.65330 0.48754 0.56663 0.31203
0.57638 0.33586 0.49946 0.48212 0.65330 0.00000 0.64355 0.61322 0.61322
0.48321 0.62514 0.64464 0.57638 0.48754 0.64355 0.00000 0.56446 0.33478
0.32719 0.57421 0.62622 0.50163 0.56663 0.61322 0.56446 0.00000 0.45937
0.29036 0.57096 0.61647 0.47129 0.31203 0.61322 0.33478 0.45937 0.00000
